1024
423
1033
933
655
1183
349
89
1417
1861
2021
1887
667
1959
463
191
383
353
1479
1889
1875
1955
565
183
641
377
783
367
1221
851
1117
745
95
1469
13
1185
1313
97
1261
185
609
657
1139
1227
251
1915
967
323
209
1483
511
161
1561
1101
1923
717
1119
605
1465
147
593
1611
269
59
467
1617
811
995
1097
1071
1857
1845
105
713
489
171
935
1451
1751
731
1315
1775
1843
873
1705
1913
1151
761
1015
1111
365
181
911
417
1733
1055
567
1929
1161
329
243
1771
545
1519
1091
1239
1083
425
83
661
1131
569
1977
1619
1569
505
43
55
747
1981
523
753
1359
1891
1779
1171
755
1067
1961
1563
1285
1711
79
1709
1677
893
1311
581
607
1949
159
2011
1105
1355
781
421
355
1367
1137
1025
1905
1347
485
1691
759
775
1241
1661
1703
517
1095
1987
999
1467
997
1517
289
397
165
309
1423
1537
1075
1623
1793
1435
15
1665
1357
1809
217
1763
27
1737
1907
1495
1823
867
1063
689
765
1233
1493
1635
1329
273
1487
413
1189
395
679
1263
2009
1327
141
1401
247
1551
173
381
1659
1011
961
853
1123
1855
1177
1599
715
1859
671
1839
959
587
1175
1783
921
1673
859
341
153
833
1279
1797
1489
975
955
101
707
211
1743
855
993
1129
1405
399
1991
435
1267
1399
1521
1867
301
1773
151
827
559
1545
11
537
763
1093
809
303
1575
1803
253
1633
1351
1663
305
21
263
125
1675
1099
845
877
1927
187
475
443
1203
985
1243
1317
37
519
411
1361
279
1745
649
555
449
1777
1255
1723
19
757
199
1995
1693
2027
2015
1411
619
1767
1403
743
179
1395
577
1513
807
1433
1541
621
837
297
777
1133
1851
939
913
1445
237
1945
7
1439
905
1107
1893
915
1909
767
1043
1463
1127
437
1791
1885
1781
1407
409
307
673
1143
1039
1231
1985
1523
259
1259
1597
405
1535
1217
225
1235
603
509
735
1511
557
277
1481
189
721
1647
1365
1989
1827
1555
1135
1249
215
2013
1459
1383
431
1583
117
1375
1639
1883
1713
1833
1947
1549
17
903
41
203
255
1847
1265
133
357
71
1413
285
2033
1895
1957
1147
1003
1943
29
923
205
481
1603
1897
1739
871
1951
121
1983
1223
287
737
909
1251
1805
1999
75
1829
683
1199
1741
627
483
1725
1753
87
1397
1529
1477
63
1277
579
109
1615
201
441
815
539
129
875
1601
1933
1017
499
1689
1637
1911
1997
1079
343
1527
53
371
699
635
195
1499
691
1037
345
931
1447
2023
1303
91
197
561
1979
271
1349
719
1269
33
313
843
1641
497
465
1589
987
645
1331
387
823
1903
1193
1881
1019
281
1505
1759
925
1819
429
643
155
1787
633
1201
233
1653
2025
1579
1939
1373
821
1089
1681
2045
57
1817
1195
1197
659
687
1967
1509
1707
385
457
1539
1609
533
1591
651
957
157
391
1729
1441
795
817
1283
1547
1333
45
261
347
1181
103
1115
729
1807
1325
857
1953
703
1157
1289
521
529
1873
1005
929
1473
1429
637
1215
1557
1191
23
1237
453
1247
1053
631
889
991
471
1257
543
1643
1565
813
1835
1727
1697
919
337
535
2043
369
949
1341
977
1421
527
947
1077
1625
487
1323
1941
1669
1917
971
1121
393
1449
1721
899
295
473
515
1225
1377
249
239
495
317
1167
1749
1503
563
799
863
891
1963
1525
575
695
1431
749
779
881
245
1
2035
1309
325
773
2029
943
461
1877
1041
615
1571
1173
1795
1901
789
231
445
1973
419
1343
433
503
1103
1141
177
73
455
797
791
1027
93
829
595
1925
407
1273
1297
1577
1059
801
49
803
1363
169
611
293
1715
1655
1291
623
315
597
1485
115
1425
601
1287
25
1837
373
2041
981
1581
175
1455
1761
65
1879
1457
379
1125
1453
907
1621
927
1149
1755
583
339
1935
1295
2017
769
1667
963
1219
553
1281
1379
739
1437
459
5
665
805
2039
1651
51
1863
705
617
989
1491
525
973
333
1567
675
1699
1965
1785
819
1393
825
983
1061
951
229
953
1271
1035
1155
1029
2007
1919
513
1339
1389
1717
2003
375
1275
1009
585
647
447
1993
1731
1701
439
1831
1049
283
771
1299
1415
1471
1051
969
1209
549
99
865
1825
965
1427
693
879
1629
895
639
9
541
137
1559
1087
2037
35
591
831
479
725
2001
1353
1865
945
265
507
1159
163
69
1387
1921
589
663
351
1045
573
149
1507
139
321
427
193
275
491
31
1065
1229
1657
1735
1381
599
941
901
143
1685
1301
1187
1085
145
887
1765
883
501
847
1869
67
751
235
1113
403
1419
1649
1031
849
1153
1683
1515
885
335
861
1211
625
709
1245
1821
221
1813
213
1163
1757
785
469
917
135
653
1841
1971
1109
741
1007
267
1369
1013
1023
1385
669
1475
257
319
1001
701
1073
1799
681
61
1307
1443
81
331
223
131
1769
1543
677
571
311
1671
1207
291
685
629
937
477
241
1371
979
1213
1695
1531
897
1595
1871
1931
3
85
1937
207
1631
1461
1169
1205
1627
359
1409
1021
1899
1533
1145
1593
793
219
787
167
1687
1553
2047
551
107
113
1975
39
1811
227
451
1587
1853
1321
1391
1069
869
1645
1605
1345
1501
733
1585
1165
361
47
77
1815
299
547
1253
1293
835
2031
327
401
1719
363
1057
1319
697
493
1679
389
123
1607
1849
1047
1573
839
2005
841
415
1747
127
723
1801
1179
613
711
1337
1497
119
1969
727
531
111
2019
1305
1335
1081
1789
1613
